4579.14
4498.73
4554.13
4601.37
4564.06
4574.80
4589.88
4386.46
4463.52
4458.17
4280.81
4223.32
4131.47
3910.98
3850.04
3947.61
3964.28
3924.04
4067.79
4075.98
4171.76
4162.77
4191.81
4208.80
4222.22
4185.95
4286.94
4328.40
4429.25
4491.31
4482.65
4633.86
4457.16
4580.17
4647.37
4660.53
4668.01
4533.27
4459.37
4534.15
4588.06
4644.58
4764.94
4800.63
4789.63
4878.85
4935.92
4968.85
4956.49
4887.79
4919.26
4888.00
4919.02
4931.47
4887.43
4817.93
4852.07
4851.44
4700.23
4720.73
4572.35
4636.67
4920.89
4916.59
4940.38
5005.04
4858.44
4855.34
5045.07
5039.48
5159.23
5043.50
5161.92
5242.11
5250.82
5318.01
5393.01
5416.50
5202.59
5262.01
5388.52
5377.86
5255.23
5130.80
5047.82
4995.08
4969.32
5153.71
5071.76
5123.04
5316.04
5384.89
5460.53
5445.77
5399.50
5536.42
5537.81
5562.12
5562.23
5399.96
5405.42
5499.33
5433.02
5591.02
5599.42
5527.80
5571.08
5675.65
5736.19
5623.23
5669.53
5729.90
5706.40
5549.96
5541.64
5443.18
5574.71
5789.84
5801.47
5910.69
5755.92
5742.66
5807.30
5739.28
5711.53
5663.98
5642.48
5910.32
5867.83
6065.73
6205.09
6306.93
6355.59
6455.39
6390.62
6462.30
6448.12
6387.21
6390.68
6257.73
6196.00
6182.59
6073.76
6059.21
6069.85
6190.83
6207.09
6294.66
6243.46
6186.44
6167.47
6209.92
6147.75
6242.64
6219.17
6140.42
6046.52
6059.06
5906.73
5972.11
5951.45
6070.50
6088.34
6122.54
6196.26
6011.65
6048.15
6097.57
5957.75
5874.48
5680.78
5696.11
5499.79
5510.71
5609.83
5656.10
5692.18
5861.66
5968.61
5926.08
5844.25
5849.85
5857.93
5872.14
5812.67
5846.19
6007.33
5950.64
5801.92
5769.78
5804.10
5798.05
5522.80
5501.13
5488.33
5592.74
5611.86
5687.59
5871.28
5865.54
5810.08
5834.89
5638.53
5526.32
5600.05