5544.18
5659.08
5805.17
5941.85
6023.78
5918.63
5608.95
5404.78
5081.28
5432.23
5702.36
5630.95
5876.11
5805.01
6040.55
6209.42
6353.67
6029.65
5997.92
6143.44
6024.07
6432.36
6564.87
6717.04
6749.03
6677.46
6612.09
6920.90
6880.09
6734.90
6910.14
7155.45
7152.29
7391.66
7335.20
7367.99
7430.93
7610.78
7785.62
7803.02
7420.06
7616.98
7543.96
7817.49
7845.87
8026.32
8098.84
8118.05
8257.88
8176.82
8143.25
8003.53
7845.69
7848.87
7974.65
8024.69
8048.14
7797.78
7715.99
7925.20
7844.93
7916.85
7984.65
8114.92
8122.11
7956.28
7961.54
7900.39
8064.20
8167.37
8219.53
8411.88
8368.78
8585.52
8497.13
8267.66
8059.75
8158.63
8154.67
8173.08
8289.39
8421.74
8052.54
8297.77
8265.09
8120.89
8365.63
8424.17
8529.56
8684.93
8771.77
8637.60
8690.66
8751.10
8832.15
8844.97
8935.23
8891.09
8955.44
9036.66
9067.88
9115.47
8958.21
8883.45
8842.63
8939.52
8764.42
8588.25
8559.46
8438.10
8500.41
8671.01
8807.57
9119.77
9087.21
9085.74
8727.82
8465.02
8560.44
8349.91
8559.87
8635.84
8616.18
8698.53
8425.38
8420.00
8638.75
8824.36
8541.95
8535.96
8921.12
8808.09
9120.48
9109.05
9104.40
9307.03
8993.68
9374.61
9662.60
9911.39
10068.05
10127.48
9921.03
9969.28
10186.17
10050.43
9854.95
9931.94
9805.69
9856.60
9807.57
9482.64
9533.87
9069.39
9004.48
8536.05
8763.27
8682.76
8640.03
8835.58
8811.95
9429.60
9587.27
9389.49
9380.07
9367.91
9588.03
9543.82
9689.10
9435.94
9432.49
9599.17
9642.26
9731.93
9912.67
10096.38
10202.20
10064.49
9957.74
9971.45
10128.67
10057.67
10008.88
9856.39
9744.89
9696.91
9628.98
9581.96
9372.37
9387.07
9255.94
9136.95
9151.44
9250.19
9315.43
9023.24
9107.19
9144.65
8927.03
9102.60
8849.87
8922.03
8849.87
8756.55