4452.45
4457.75
4547.32
4567.37
4484.43
4544.50
4572.77
4595.67
4549.23
4535.93
4545.62
4582.05
4588.14
4669.70
4699.41
4755.01
4823.67
4738.98
4755.40
4727.49
4793.93
4683.18
4646.69
4612.60
4633.03
4677.89
4723.16
4707.61
4579.45
4653.50
4726.50
4790.61
4813.53
4665.56
4671.77
4676.47
4664.65
4811.01
4757.98
4725.34
4566.10
4583.68
4500.55
4579.14
4498.73
4554.13
4601.37
4564.06
4574.80
4589.88
4386.46
4463.52
4458.17
4280.81
4223.32
4131.47
3910.98
3850.04
3947.61
3964.28
3924.04
4067.79
4075.98
4171.76
4162.77